# Pinned bird-crop study population — one production images.id per line.
# Generated from reports/bird-crop/labels/label_set.csv (sha256 04e25afb7973).
# Every track reads this file; do not edit by hand. See study_image_ids_provenance.json.
5493
5494
5495
6351
7041
7042
7044
8994
8995
8996
9624
9625
9626
9649
9650
9651
9653
11100
11101
11102
11103
11104
11105
15227
15228
15232
15233
17608
17610
17611
17915
17916
17917
17918
17919
17923
17924
17925
17926
17927
17928
18270
18271
18272
20413
20414
20415
20416
21339
21340
21848
21849
22207
22208
22790
34965
34966
34967
35585
35587
35589
35833
35835
35836
35837
35838
37811
37812
37813
37814
37815
37816
37817
37839
37840
37841
41937
41938
41939
42740
42741
42742
42743
42872
42873
42874
43147
43148
43149
43150
43295
43296
43297
43450
43451
43452
43821
43822
43823
46177
46178
46179
46180
46181
46182
46227
46228
46229
46230
46231
46232
46233
46698
46699
46700
46702
46703
46705
59326
59327
59328
59329
64764
64766
64768
64770
66472
66473
66474
66475
66476
66519
66520
66521
66538
66539
66540
66717
66718
66719
66720
66721
66722
66742
66744
66746
66748
66750
66752
66754
69715
69716
69717
69718
69931
69932
69933
71442
71443
71444
71446
71447
71448
71456
71457
71458
71459
71460
72432
72433
72434
72435
72436
74725
74726
134999
135000
135001
146834
146835
146836
146837
147131
147132
147133
147134
147135
147249
147250
147251
147252
147253
147254
153149
153163
153176
153646
153647
153648
153649
153650
153651
153652
153654
153983
153986
153987
153988
153989
153991
153992
153994
154353
154354
154355
154362
155855
155856
155861
155862
155863
161166
161167
161170
161173
198858
198859
198860
198862
202163
202164
202168
202169
202170
202171
202175
